ts=3;
v1=4;
v2=v1+2;
v3=v2+2;
v4=v3+2;
v5=v4+2;
v6=v5+2;
i1=v1+1;
i2=v2+1;
i3=v3+1;
i4=v4+1;
i5=v5+1;
i6=v6+1;
